Branch	Duplications	Transfers	Losses	Originations	CopyNum
Aaur(0)	6384.590000000006	776.9699999999742	1540.349999999946	4.539999999999989	15287.0
Acar(1)	899.8599999999899	785.3499999999771	4438.980000000055	1.4800000000000009	9668.0
Adig(2)	4932.239999999999	433.2299999999885	2708.3499999999985	1.8200000000000012	13728.0
Agen(3)	5148.550000000062	1793.929999999964	2022.9799999999725	12.769999999999948	11512.0
Ajap(4)	5436.930000000065	1336.7699999999656	3851.0400000000527	7.619999999999979	13527.0
Apal(5)	2739.580000000015	778.7399999999774	1878.5699999999404	4.239999999999991	11266.0
Apla(6)	1335.419999999993	496.7399999999869	2051.1899999999428	3.6799999999999944	9983.0
Aque(7)	7757.700000000104	719.8899999999807	1684.6899999999598	9.929999999999948	13929.0
Avag(8)	14143.889999999987	2757.410000000008	3479.3500000000113	33.20000000000012	20152.0
Bbel(9)	5543.299999999999	425.6699999999899	1358.8799999999535	2.609999999999995	15496.0
Bflo(10)	2365.679999999997	432.3099999999884	1689.4599999999434	2.170000000000001	11994.0
Blea(11)	1499.649999999985	825.7799999999712	2546.559999999991	3.339999999999987	7342.0
Bmal(12)	2259.3199999999965	300.71999999999633	1096.7699999999686	0.9600000000000005	6717.0
Ccru(13)	2267.5099999999998	1712.4999999999588	4521.1300000000565	12.339999999999952	9023.0
Cele(14)	1203.0599999999927	490.5899999999878	889.3999999999761	1.9800000000000009	6059.0
Cfra(15)	278.66999999999877	1052.2699999999807	567.0299999999868	3.11999999999999	4394.0
Cgig(16)	3452.540000000031	1402.9299999999641	2478.2999999999965	8.729999999999963	10865.0
Chae(17)	2590.3300000000077	826.7199999999751	1482.8999999999496	8.269999999999978	9345.0
Cint(18)	418.0799999999973	387.07999999998935	1497.8899999999528	1.850000000000001	7299.0
Clim(19)	366.7099999999955	3097.970000000044	130.00000000000225	7.249999999999962	4206.0
Cowc(20)	510.56999999999414	2623.23000000002	499.5399999999887	5.959999999999968	4751.0
Csav(21)	5192.349999999999	318.3299999999947	2347.049999999972	1.4900000000000009	11155.0
Ctel(22)	3796.9000000000715	2091.8099999999754	1695.3199999999708	12.419999999999938	12180.0
Dgig(23)	4984.139999999998	538.319999999985	1012.5599999999686	3.479999999999996	12459.0
Dmel(24)	4609.800000000039	718.8399999999828	2079.4799999999705	2.1399999999999983	9855.0
Dpul(25)	5159.830000000074	1120.659999999975	1379.9999999999673	6.169999999999977	10862.0
Drer(26)	3305.7700000000204	605.0299999999867	2037.3699999999583	5.459999999999994	11088.0
Emue(27)	4515.290000000061	802.9599999999765	1880.8899999999708	10.469999999999926	10574.0
Emul(28)	478.08999999999475	386.60999999999115	2949.730000000027	1.2300000000000006	4889.0
Etri(29)	13763.629999999923	1866.8599999999537	1914.0199999999425	10.599999999999955	26468.0
Ggal(30)	423.80999999999716	672.6299999999819	4969.040000000049	0.6200000000000002	8893.0
Ggor(31)	734.9399999999983	173.90000000000137	735.0899999999788	0.3400000000000001	10956.0
Gsal(32)	544.129999999994	1021.8299999999759	3135.7000000000344	4.939999999999984	5408.0
Hhon(33)	938.2399999999966	264.1999999999984	822.1799999999737	0.7500000000000004	6863.0
Hmag(34)	3702.2600000000007	555.1399999999874	1606.32999999994	5.349999999999989	10059.0
Hmia(35)	2566.2500000000014	873.4299999999782	3756.5500000000325	6.349999999999982	8690.0
Hrob(36)	2051.8599999999765	2302.7199999999907	3798.360000000036	7.589999999999971	8538.0
Hsap(37)	592.3999999999975	150.0400000000014	905.5999999999731	0.25000000000000006	10619.0
Ihof(38)	255.9799999999996	775.9399999999744	1394.3699999999642	3.4799999999999915	3268.0
Lana(39)	10242.430000000148	2720.470000000017	2355.4899999999852	13.049999999999933	18073.0
Lcom(40)	13306.750000000075	5345.9500000001335	1478.1599999999596	50.29000000000003	28343.0
Lgig(41)	1757.429999999968	1190.5399999999747	1917.6899999999584	6.6199999999999815	9516.0
Mbre(42)	242.70999999999975	628.9999999999798	1053.2499999999754	2.8599999999999937	4528.0
Mcap(43)	8797.339999999964	614.1499999999817	1253.949999999952	8.399999999999984	19235.0
Mdom(44)	1335.9399999999932	337.15999999999286	1118.7699999999656	1.8600000000000005	10674.0
Mley(45)	912.3199999999899	962.8199999999756	1572.3599999999649	3.809999999999988	6712.0
Mlin(46)	16596.559999999998	1644.4499999999618	1991.8199999999642	13.849999999999937	22116.0
Msti(47)	2854.980000000038	3121.6800000000485	7013.160000000056	16.329999999999917	13123.0
Mvir(48)	4211.280000000038	964.7399999999764	2383.499999999986	7.899999999999984	11751.0
Ngen(49)	9055.140000000047	2165.0899999999783	2733.3800000000083	17.460000000000004	17208.0
Nnom(50)	2338.8199999999947	970.0899999999685	2524.839999999982	5.519999999999986	10128.0
Nvec(51)	2314.659999999998	756.5299999999775	2177.149999999962	3.949999999999991	10520.0
Nwes(52)	3484.960000000021	2128.5299999999725	5949.310000000073	11.649999999999938	13819.0
Ocar(53)	4469.580000000078	1953.4699999999705	2301.6499999999796	21.570000000000032	11086.0
Odio(54)	5446.210000000034	2109.0399999999777	3769.3000000000316	13.93999999999994	10152.0
Paus(55)	2478.910000000006	1891.1599999999655	3148.8100000000213	9.069999999999961	9863.0
Pbac(56)	1166.4099999999928	692.5799999999774	2272.5899999999765	3.189999999999991	5995.0
Pcau(57)	3491.0700000000506	2330.3299999999895	2095.249999999976	9.209999999999953	10177.0
Pfla(58)	4365.580000000051	937.1499999999701	3335.3000000000357	8.559999999999977	12396.0
Pmin(59)	6568.469999999922	576.5799999999856	1523.4399999999496	2.040000000000001	15822.0
Pnai(60)	2769.3600000000183	301.19999999999686	6382.040000000093	0.7500000000000004	9202.0
Pvar(61)	3275.9300000000317	1499.829999999954	4365.66000000004	6.189999999999976	13386.0
Rcul(62)	1543.239999999982	1510.5699999999672	1751.189999999955	4.819999999999985	8049.0
Resc(63)	903.5499999999985	197.3099999999998	1873.9099999999428	0.6400000000000003	8566.0
Rmue(64)	2669.2799999999997	759.8799999999773	2053.6599999999316	9.879999999999974	9331.0
Rvar(65)	2712.9400000000223	1777.8599999999722	3154.7100000000355	8.779999999999974	7437.0
Scil(66)	5254.3500000000295	511.1299999999872	3692.0400000000536	3.3899999999999895	13195.0
Skow(67)	1969.5299999999877	606.6599999999829	1998.44999999994	2.25	11000.0
Smal(68)	2575.45000000001	512.3699999999878	1515.6699999999578	2.8599999999999968	9891.0
Sman(69)	1120.3299999999913	606.0899999999853	2749.4100000000003	1.4500000000000008	5849.0
Smar(70)	1563.2699999999804	1099.769999999976	2047.6099999999653	4.8499999999999845	7107.0
Spur(71)	4480.57999999999	522.3399999999858	3885.5200000000495	1.6700000000000008	13860.0
Sros(72)	503.4299999999935	914.7599999999763	704.1499999999792	4.279999999999988	5425.0
Syro(73)	4333.080000000072	1139.3899999999687	3055.6700000000124	13.469999999999956	14943.0
Tadh(74)	480.74999999999756	424.5999999999873	670.0199999999788	1.6800000000000008	6719.0
Tcas(75)	2013.619999999989	584.3099999999866	1678.65999999997	2.4999999999999982	7811.0
Tspi(76)	1410.3099999999897	608.969999999981	3596.190000000058	3.3499999999999903	5168.0
Twil(77)	8039.990000000038	3467.3800000000465	2487.0000000000014	12.459999999999921	14486.0
Xboc(78)	2011.2699999999666	2866.5600000000204	4601.960000000069	8.089999999999957	8974.0
Xtro(79)	1484.2099999999848	2264.999999999994	5899.010000000088	3.5099999999999953	10274.0
Znev(80)	640.5299999999937	846.359999999982	2037.709999999959	2.5899999999999967	6341.0
81	298.3599999999976	768.8899999999838	1541.6699999999512	12.149999999999936	14913.960000000166
82	3484.450000000119	690.1199999999741	1438.8199999999324	428.8399999999974	14839.10000000056
83	1181.64999999996	520.1599999999835	1402.0499999999295	52.59999999999995	12026.87000000046
84	2703.1300000000288	701.4899999999757	3777.2400000000935	138.40000000000035	12205.310000000403
85	934.5899999999724	941.9899999999723	1783.4799999999511	88.76000000000052	8598.54000000019
86	4386.550000000157	1447.62999999996	1693.6299999999385	416.3399999999966	13388.360000000492
87	736.039999999982	661.3199999999828	1838.979999999944	112.18000000000026	5993.410000000224
88	569.9199999999895	1997.1199999999785	423.8099999999846	49.789999999999765	4157.8700000001
89	1131.93999999996	1652.1199999999667	3161.0200000000586	95.4400000000006	9819.420000000173
90	1128.189999999961	932.2599999999705	3022.260000000065	79.70000000000022	8890.230000000314
91	1415.7899999999559	518.0099999999835	1411.5099999999427	49.15999999999998	9118.780000000284
92	797.0099999999757	1259.6899999999691	3416.4500000000558	76.10000000000001	9204.040000000174
93	1267.9199999999578	650.6599999999785	1777.9399999999323	83.33000000000037	9520.350000000359
94	386.80999999999506	593.209999999983	900.6699999999678	16.88999999999996	7582.90000000024
95	4495.590000000132	1126.6499999999635	2959.15000000006	333.869999999998	15301.220000000401
96	850.1099999999756	506.95999999998565	665.5999999999726	15.459999999999928	15376.230000000189
97	1625.699999999969	313.42999999999387	1008.099999999964	76.32000000000005	13502.690000000488
98	1712.1599999999494	2093.469999999977	1540.189999999945	146.89000000000033	7414.440000000269
99	4057.540000000108	2621.7600000000234	1885.5199999999534	946.7999999999852	13786.550000000301
100	689.5699999999807	2560.150000000028	808.9499999999666	108.07000000000066	5390.070000000155
101	943.2599999999776	913.1999999999741	4092.0500000001066	61.62999999999988	12495.340000000477
102	2283.5499999999797	2577.4700000000253	1793.259999999954	293.61999999999847	7500.4000000002125
103	3752.2100000000746	3396.5800000000836	2755.52000000005	185.13999999999993	15600.160000000325
104	1809.0999999999433	385.1299999999879	2565.4700000000093	65.58999999999996	12271.60000000046
105	844.319999999975	1834.4599999999575	3285.2500000000805	235.75999999999982	8045.970000000225
106	486.7199999999871	1076.839999999968	1990.689999999936	40.38000000000003	10100.940000000217
107	2875.900000000038	1082.4799999999682	1675.509999999927	206.60999999999999	12365.060000000378
108	3749.3100000000527	671.4099999999746	4382.390000000192	203.58999999999955	15874.840000000344
109	5080.950000000127	1181.2399999999616	1579.2499999999427	624.2899999999917	15632.920000000504
110	947.5599999999839	1004.8899999999741	813.8599999999686	45.39999999999998	7506.840000000226
111	1948.4499999999741	826.2599999999773	1870.2299999999432	109.21000000000073	7486.660000000239
112	342.0799999999944	504.2199999999867	558.5199999999807	23.8800000000001	7843.710000000201
113	1866.6499999999455	837.7399999999668	850.6599999999632	524.3999999999936	11674.51000000055
114	754.0099999999801	537.6599999999811	1211.0099999999395	54.61	12439.53000000027
115	457.66999999998825	1559.8999999999546	765.2499999999698	119.98000000000205	8416.680000000202
116	1183.9699999999764	1211.5399999999734	2836.34000000004	256.7799999999989	6322.850000000189
117	1227.5099999999652	1414.5299999999581	1304.039999999969	147.48000000000025	8547.33000000023
118	592.2399999999805	1133.6699999999657	1784.9099999999364	69.70000000000017	10487.690000000215
119	771.1599999999685	941.5599999999688	765.4499999999656	353.0299999999956	9296.380000000361
120	2995.5800000000263	755.1699999999752	1681.8499999999297	359.7799999999967	12304.260000000279
121	3380.210000000029	648.8899999999793	887.2299999999651	477.92999999999773	14669.30000000024
122	1819.6099999999435	446.1199999999864	601.499999999968	188.06999999999982	12577.25000000048
123	1061.479999999965	992.9099999999679	1502.4399999999455	288.71999999999764	9875.58000000037
124	1791.4799999999561	1143.4299999999648	4078.410000000091	447.4399999999936	10325.69000000029
125	939.8999999999857	1536.7599999999668	3509.3100000000554	141.5600000000008	6472.970000000184
126	1172.839999999977	570.7899999999833	1042.529999999964	147.51000000000002	7532.050000000164
127	1480.4799999999593	1678.3699999999642	724.239999999972	988.1099999999818	7044.380000000128
128	726.0499999999847	1436.099999999979	2853.7900000000595	120.61000000000095	7061.850000000178
129	988.1499999999756	1232.4099999999607	956.0199999999678	233.27999999999952	10476.990000000198
130	3440.2000000000817	896.2699999999742	1504.1399999999544	584.2899999999954	11049.500000000306
131	1595.0499999999588	531.3699999999825	2712.720000000028	439.80999999999784	10724.950000000477
132	1397.4299999999657	1596.3399999999567	1748.4099999999519	189.00000000000023	11021.75000000029
133	433.2399999999911	772.0799999999819	1782.5299999999636	110.02000000000073	6683.440000000188
134	501.27999999998804	760.4499999999782	2567.1900000000114	106.870000000001	7632.880000000235
135	1251.7799999999609	1598.7599999999552	1735.7199999999552	500.2899999999915	8979.17000000014
136	570.0499999999829	437.5099999999875	1698.0799999999456	150.70000000000013	10871.440000000299
137	1797.8399999999533	2193.039999999979	1840.229999999936	217.63999999999942	9587.390000000227
138	326.3899999999951	787.4799999999784	1257.1699999999573	65.51999999999991	7150.630000000148
139	519.8799999999848	659.8199999999787	1498.8599999999385	115.72000000000084	8831.47000000023
140	462.76999999998685	726.4999999999764	1619.7199999999646	192.69999999999982	7364.060000000142
141	1360.1799999999644	713.3099999999764	629.2399999999708	194.67000000000002	11411.260000000282
142	952.9899999999806	1191.8099999999756	1675.6399999999676	132.7600000000008	7228.410000000164
143	787.8999999999735	1366.8699999999567	1108.2199999999602	239.56999999999906	9034.91000000025
144	607.4299999999832	959.1899999999744	1398.41999999996	129.59000000000185	7601.810000000164
145	1931.4999999999627	700.1399999999753	1246.8099999999438	391.42999999999563	9772.340000000328
146	426.49999999999255	783.5599999999814	1154.3299999999685	63.859999999999886	6626.4900000001235
147	907.589999999969	1626.839999999958	1032.2199999999643	424.7399999999921	7996.080000000285
148	401.6699999999936	740.999999999981	1798.2899999999552	52.490000000000016	6506.900000000123
149	506.9099999999918	850.5699999999803	1612.2899999999436	60.819999999999744	7110.030000000121
150	654.019999999981	598.5799999999823	1802.9299999999462	105.56000000000114	7304.0200000001705
151	737.3499999999805	589.0599999999833	1008.409999999968	211.68999999999963	7748.790000000198
152	1259.919999999976	569.7299999999851	987.9599999999679	308.27999999999446	7219.100000000164
153	492.0299999999887	663.9399999999828	435.2299999999889	346.2799999999925	6069.13000000019
154	357.219999999993	690.0199999999853	551.2099999999858	367.05999999999136	5002.110000000138
155	291.26999999999754	602.239999999988	595.5799999999816	219.42999999999947	4139.0200000000805
156	487.4799999999906	171.50000000000017	524.669999999989	646.1199999999847	3621.660000000043
157	219.77999999999977	154.98000000000084	397.0899999999938	306.80999999999557	2841.2300000000337
158	167.63000000000042	277.2499999999991	145.80000000000058	292.8199999999953	2556.7500000000264
159	187.71999999999997	248.48000000000022	47.89	435.27999999999145	1964.8499999999724
160	119.01000000000059	0.0	4.599999999999968	1026.8499999999901	1141.2599999999863
Aaur	2783.6599999999953	206.81999999999945	414.9999999999945	49.52	5541.0
Acar	345.9799999999997	69.91000000000007	718.7899999999953	11.22999999999998	2202.0
Adig	2699.990000000001	124.01000000000096	1200.0199999999847	23.980000000000057	5418.0
Agen	1738.3599999999967	215.29999999999936	225.90999999999946	68.57000000000002	2445.0
Ajap	1574.109999999997	209.5399999999991	766.9999999999887	60.53999999999998	2920.0
Apal	1285.379999999996	205.26999999999921	508.9299999999938	30.420000000000083	3417.0
Apla	1075.2699999999975	158.67000000000021	398.1499999999956	19.25000000000002	2862.0
Aque	5745.500000000006	172.98999999999987	455.8899999999955	87.03000000000021	7022.0
Avag	3120.0400000000004	353.23999999999876	578.4599999999939	167.2200000000002	3967.0
Bbel	1762.079999999998	141.28000000000034	326.87999999999676	17.459999999999987	4099.0
Bflo	1891.2099999999991	155.68000000000018	447.42999999999415	20.480000000000004	4125.0
Blea	816.8899999999986	126.61000000000155	382.33999999999276	43.30000000000013	1592.0
Bmal	501.15999999999974	37.68000000000003	139.13000000000082	8.649999999999986	1149.0
Ccru	1197.3899999999974	209.129999999999	884.4899999999816	88.49000000000028	2470.0
Cele	565.4099999999997	50.889999999999816	109.60000000000079	13.659999999999977	1261.0
Cfra	241.82999999999984	124.01000000000033	69.20000000000029	12.45999999999998	840.0
Cgig	1690.6999999999953	260.00999999999925	382.4399999999966	61.40999999999993	2970.0
Chae	1746.3299999999963	304.68999999999846	296.96999999999724	92.30000000000007	3334.0
Cint	206.46000000000012	80.71000000000025	199.8900000000001	6.819999999999973	1223.0
Clim	95.03000000000009	181.2399999999997	31.20000000000015	12.739999999999982	535.0
Cowc	311.3299999999996	163.5100000000002	128.5700000000011	16.759999999999973	809.0
Csav	458.7999999999995	52.46999999999996	374.45999999999435	8.289999999999965	1274.0
Ctel	2027.099999999994	418.4199999999979	184.50000000000034	96.13000000000018	3587.0
Dgig	1754.859999999999	148.05000000000035	257.3799999999988	35.74000000000001	3256.0
Dmel	985.9899999999997	54.72999999999999	269.2399999999988	15.16999999999999	1715.0
Dpul	1631.3899999999976	153.65000000000015	180.43999999999946	66.3	2399.0
Drer	1333.1399999999999	112.45000000000026	332.3399999999976	23.360000000000028	2977.0
Emue	1847.8099999999984	138.96000000000043	455.5699999999956	44.43000000000004	3048.0
Emul	169.04999999999998	30.160000000000302	217.81999999999906	7.509999999999978	599.0
Etri	7821.520000000012	377.8199999999968	326.9399999999963	151.31000000000012	10584.0
Ggal	242.74000000000007	41.25000000000002	946.9099999999934	7.669999999999982	1956.0
Ggor	146.84000000000003	12.109999999999946	215.05999999999966	1.3300000000000005	2666.0
Gsal	166.97000000000006	98.83000000000058	238.36999999999858	14.469999999999967	652.0
Hhon	574.3699999999999	33.230000000000175	122.06000000000081	4.009999999999993	1422.0
Hmag	1185.8299999999988	116.30000000000032	557.8699999999931	44.09	2276.0
Hmia	1593.0399999999988	135.49000000000055	484.02999999999105	53.329999999999984	2623.0
Hrob	636.9399999999991	174.06999999999942	766.1599999999922	28.30000000000002	1303.0
Hsap	526.57	16.329999999999995	113.30000000000098	1.6200000000000003	3152.0
Ihof	120.70000000000006	59.439999999999834	271.0199999999974	9.979999999999961	450.0
Lana	1999.7799999999966	361.0499999999995	456.09999999999576	92.64000000000016	3524.0
Lcom	6077.400000000025	585.2499999999969	310.5499999999968	184.52	9205.0
Lgig	1081.119999999997	219.77999999999972	333.5799999999973	43.36	2351.0
Mbre	350.6999999999998	102.49000000000058	180.61999999999975	20.040000000000017	976.0
Mcap	6599.470000000025	327.74999999999795	399.3699999999945	162.11000000000027	10460.0
Mdom	913.1999999999991	42.25000000000001	305.9799999999973	8.999999999999979	3036.0
Mley	970.3999999999992	98.37000000000063	214.4699999999984	22.710000000000043	1972.0
Mlin	3000.300000000002	152.71000000000035	204.0999999999994	169.07999999999987	3738.0
Msti	2948.140000000013	247.20999999999776	907.4799999999844	82.1400000000002	3827.0
Mvir	1100.6399999999985	167.1300000000002	572.8399999999921	40.20999999999997	2656.0
Ngen	3160.2200000000025	447.95999999999793	600.3299999999905	166.84999999999977	4948.0
Nnom	1696.4999999999966	140.2000000000007	677.699999999985	33.81000000000016	4126.0
Nvec	615.479999999998	173.07999999999993	926.759999999989	19.339999999999982	2286.0
Nwes	3044.100000000013	373.08999999999685	481.0899999999919	82.91000000000021	4476.0
Ocar	1763.809999999995	245.55999999999878	404.81999999999573	75.50999999999999	2783.0
Odio	717.5000000000005	124.21000000000073	447.51999999999475	57.06999999999995	1161.0
Paus	640.2199999999978	223.8899999999995	550.2799999999935	31.90000000000005	1814.0
Pbac	1005.2899999999989	89.92000000000068	395.9099999999932	23.71000000000009	1818.0
Pcau	565.8499999999993	211.9699999999994	197.3799999999995	34.17000000000002	1283.0
Pfla	2735.020000000004	276.0799999999976	571.7399999999909	110.59000000000044	4495.0
Pmin	1242.9899999999993	119.6900000000007	514.9799999999935	20.340000000000007	2875.0
Pnai	2584.6500000000015	34.04000000000028	1294.0099999999804	10.209999999999969	4697.0
Pvar	6659.190000000013	192.8599999999997	860.2999999999829	83.04000000000019	8738.0
Rcul	1106.4999999999995	129.52000000000115	171.03000000000006	35.730000000000125	1866.0
Resc	595.5399999999997	44.24000000000002	586.3999999999915	4.429999999999984	2991.0
Rmue	1043.2599999999982	188.56999999999945	605.5299999999924	41.969999999999985	2243.0
Rvar	602.5799999999991	106.07000000000056	302.3199999999976	34.31000000000007	975.0
Scil	5469.340000000006	125.91000000000095	555.8799999999939	72.2500000000001	7780.0
Skow	689.5099999999984	111.31000000000085	502.1399999999939	11.269999999999975	2255.0
Smal	1661.0499999999997	127.79000000000056	408.0899999999947	27.29000000000003	3817.0
Sman	186.87999999999994	56.8399999999998	214.49999999999918	9.659999999999968	655.0
Smar	417.33999999999963	102.36000000000041	237.36999999999932	20.760000000000026	967.0
Spur	1689.6499999999983	90.41000000000032	965.8299999999865	22.48000000000001	3397.0
Sros	461.98999999999916	131.81000000000066	115.40000000000109	22.21000000000003	1184.0
Syro	7090.04000000002	228.27999999999875	817.9099999999848	91.48000000000037	9954.0
Tadh	276.6700000000002	55.379999999999875	153.5499999999997	6.049999999999985	1117.0
Tcas	511.3299999999993	90.13000000000024	221.57999999999933	23.64000000000001	1358.0
Tspi	452.0799999999998	44.280000000000086	379.3799999999956	15.739999999999961	898.0
Twil	4083.650000000005	329.42999999999785	400.79999999999444	137.51000000000047	5741.0
Xboc	508.9999999999985	235.60999999999888	378.74999999999295	41.79000000000007	1305.0
Xtro	590.2899999999992	116.33000000000045	839.5499999999959	13.259999999999971	2374.0
Znev	455.6999999999991	97.10000000000039	238.42999999999924	14.149999999999979	1283.0
